5  A13V
  87.272  86.902  86.972  86.871  87.488  88.427  88.756  88.651  88.520  88.260
  87.733  86.141  84.461  84.149  83.911  83.310  84.191  85.697  85.681  84.633
  83.912  83.717  84.179  85.190  85.430  85.652  85.847  85.586  86.257  87.393
  87.575  87.387  87.183  86.320  85.302  85.118  85.933  87.046  87.450  87.017
  88.366  91.884  93.648  96.828  97.230  97.001 105.024 103.395  99.141 111.799
 122.060 112.812 101.405 118.256 141.376 147.094 129.690 108.439 109.159 137.967
 162.041 172.616 166.724 144.374 116.389 100.281 118.940 151.753 179.026 194.291
 201.653 202.762 193.589 172.723 145.336 112.687 103.615 126.835 159.624 182.766
 201.522 211.702 215.134 207.450 187.243 181.777 196.391 201.284 191.652 172.985
 146.391 111.092  96.802 118.483 153.333 181.350 200.407 211.722 217.793 221.579
 224.925 227.650 228.655 227.243 225.621 226.305 226.561 224.736 223.328 221.320
 217.524 212.404 206.097 197.727 187.965 174.194 151.540 120.958  98.992 106.162
 134.114 160.822 178.299 188.234 195.013 202.246 207.622 209.328 209.366 208.743
 208.738 207.759 204.379 202.144 203.188 205.460 207.153 206.822 205.519 206.258
 207.338 206.346 203.959 201.333 200.217 200.265 196.862 195.431 194.593 194.960
 195.292 194.986 193.308 195.186 191.370 188.721 185.402 184.681 180.491 177.410
 174.085 168.698 160.287 143.898 123.307  99.210  88.493  98.797 122.316 144.380
 160.486 169.946 174.716 177.238 177.678 177.147 178.109 179.145 179.439 179.869
 179.829 179.070 179.634 180.861 181.097 180.510 179.135 177.925 177.763 177.393
 176.539 175.628 175.134 173.968 171.876 172.148 173.789 174.922 175.243 175.020
 174.168 172.050 169.602 168.396 167.907 169.004 169.494 166.752 162.646 162.194
 164.486 166.059 165.919 164.874 162.386 160.731 161.776 163.114 162.905 163.327
 162.887 160.404 159.601 159.194 157.875 157.894 159.019 158.512 157.878 157.369
 156.732 154.175 153.885 155.064 155.368 155.484 154.858 153.478 151.042 150.918
 150.865 151.033 151.468 150.328 148.485 147.877 148.659 148.126 147.520 146.698
 145.134 144.572 144.740 144.741 144.105 143.534 143.547 142.875 141.109 140.080
 139.258 138.184 135.980 132.644 130.390 126.571 120.696 111.510  98.180  78.601
  64.258  73.126  91.840 105.160 114.260 119.235 122.946 126.566 128.516 129.444
 130.331 129.298 126.872 128.248 130.108 129.575 130.550 131.548 130.635 129.140
 129.275 129.930 129.753 129.429 127.018 126.184 127.712 127.348 125.588 124.522
 124.249 122.244 121.972 124.131 124.443 123.450 122.795 123.178 122.821 122.559
 123.184 122.549 121.664 120.992 120.414 120.834 121.199 120.358 119.723 120.303
 120.494 120.313 119.554 118.128 117.568 116.834 116.330 116.452 116.462 116.496
 115.168 111.373 109.901 112.915 113.569 111.868 111.684 112.008 112.155 111.908
 112.352 112.761 112.308 110.262 108.804 109.238 110.996 111.728 111.117 110.368
 108.644 106.327 105.507 106.147 106.983 108.306 109.236 108.758 108.004 107.622
 106.719 105.385 105.045 104.276 104.211 104.508 104.791 105.441 106.002 105.853
 104.353 102.682 102.721 103.612 103.457 103.269 103.110 102.230 101.062 100.521
 100.663 100.992 100.828 100.008  99.851 100.446 100.546 100.000  99.700  99.544
  99.410  99.343  99.156  98.303  98.241  98.601  98.493  98.221  97.616  97.069
  97.216  97.611  97.233  95.902  95.359  95.842  96.085  96.088  95.948  95.693
  95.350  94.660  94.236  94.660  94.382  93.011  92.581  92.699  92.794  93.050
  92.777  92.172  92.074  92.105  91.907  91.531  91.167  91.178  90.841  89.866
  89.369  89.568  89.823  89.656  89.034  88.391  88.365  88.461  88.135  87.522
  87.293  87.427  87.440  87.201  87.009  86.717  86.445  86.072  85.663  85.470
  85.195  85.196  85.053  84.511  84.125  83.984  83.894  83.823  83.813  83.737
  83.495  83.488  83.375  83.219  83.139  83.066  82.835  82.574  82.096  81.550
  81.457  81.674  81.579  81.228  80.692  78.566  76.169  76.351  78.357  79.406
  79.312  79.007  78.950  78.785  78.663  78.635  78.257  77.885  77.573  77.396
  77.464  77.485  77.254  76.781  76.400  76.370  76.269  76.286  76.144  75.755
  75.572  75.404  75.099  75.087  75.314  75.272  74.885  74.603  74.447  74.379
  74.296  74.043  74.022  73.781  73.490  73.337  73.300  73.119  72.695  72.543
  72.615  72.315  71.888  71.766  71.702  71.108  70.560  70.428  70.263  69.772
  69.593  70.034  70.085  69.937  70.008  69.953  69.636  69.600  69.470  69.379
  69.206  68.954  68.789  68.541  68.176  67.663  67.184  66.839  66.897  67.295
  67.430  67.243  66.794  65.240  64.173  65.053  65.418  65.335  65.257  65.182
  65.147  64.928  65.054  65.340  65.183  64.915  64.535  63.810  64.073  64.657
  64.592  64.105  63.431  63.699  63.995  63.918  63.782  63.566  63.315  63.161
  62.926  62.572  62.635  62.758  62.355  62.037  61.963  61.968  61.355  60.520
  60.649  61.144  61.124  60.842  60.513  60.264  59.629  59.036  59.529  59.800
  59.178  58.301  57.958  57.649  56.864  55.660  54.010  51.545  47.970  42.122
  35.694  36.494  43.211  48.409  51.422  53.219  54.360  55.228  55.865  56.174
  56.318  56.412  56.522  56.571  56.496  56.415  56.430  56.355  56.300  56.162
  56.012  55.888  55.807  55.612  55.425  55.397  55.302  55.151  54.996  54.840
  54.624  54.433  54.230  54.134  53.991  53.808  53.619  53.393  53.199  53.083
  53.048  52.950  52.799  52.737  52.593  52.416  52.303  52.143  51.839  51.769
  51.694  51.587  51.496  51.364  51.274  51.113  50.865  50.784  50.718  50.508
  49.756   0.000   0.000   0.000   0.000   0.000   0.000   0.000   0.000   0.000
   0.000   0.000   0.000   0.000   0.000   0.000   0.000   0.000   0.000  47.215
  47.252  48.321  48.450  48.257  48.178  47.951  47.707  47.567  47.393  47.042
  47.202  47.103  46.947  46.886  47.044  46.970  46.766  46.784  46.704  46.500
  46.417  46.408  46.420  46.192  46.112  46.032  45.920  45.904  45.699  45.637
  45.287  44.962  45.012  45.071  45.041  44.963  44.897  44.618  44.563  44.484
  44.057   0.000   0.000   0.000   0.000   0.000   0.000   0.000   0.000   0.000
   0.000   0.000   0.000   0.000   0.000   0.000   0.000   0.000   0.000   0.000
   0.000   0.000   0.000   0.000   0.000   0.000   0.000   0.000   0.000   0.000
   0.000   0.000   0.000  40.157  40.817  40.786  41.141  40.957  40.559  40.574
  40.463  40.366  40.458  40.428  40.270  40.101  40.027  40.093  40.170  39.891
  39.707  39.616  39.545  39.472  39.657  39.727  39.391  39.095  39.189  39.238
  38.989  38.919  38.948  38.987  38.956  38.857  38.664  38.538  38.584  38.431
  38.072  38.146  38.276  38.278  38.076  37.924  37.932  37.873  37.731  37.583
  37.557  37.446  37.440  37.217  36.763  36.339   0.000   0.000   0.000   0.000
   0.000   0.000   0.000   0.000   0.000   0.000   0.000   0.000   0.000   0.000
   0.000   0.000   0.000   0.000   0.000   0.000   0.000   0.000   0.000  34.536
  35.015  35.154  35.054  34.811  34.801  34.702  34.650  34.543  34.729  34.647
  34.491  34.051  32.679  32.160  33.547  34.010  34.053  34.093  33.881  33.753
  33.845  33.748  33.840  33.658  33.379  33.336  33.414  33.322  33.463  33.520
  33.178  33.057  32.969  32.589  32.634  32.785  32.516  31.976  32.167  32.387
  32.433  32.475  32.217  31.963  31.894  31.947  31.745  31.781  31.854  31.726
  31.726  31.834  31.728  31.777  31.691  31.501  31.687  31.576  31.146  31.246
  31.315  31.166  31.177  31.129  30.974  30.939  30.830  30.718  30.852  30.902
  30.869  30.772  30.652  30.656  30.582  30.391  30.421  30.441  30.299  30.249
  29.986   0.000   0.000   0.000   0.000   0.000   0.000   0.000   0.000   0.000
   0.000   0.000   0.000   0.000   0.000   0.000   0.000   0.000   0.000   0.000
   0.000   0.000   0.000   0.000   0.000   0.000   0.000   0.000   0.000   0.000
   0.000   0.000   0.000   0.000   0.000   0.000   0.000   0.000   0.000   0.000
   0.000   0.000   0.000   0.000   0.000   0.000   0.000   0.000   0.000   0.000
   0.000   0.000   0.000   0.000  27.276  27.163  27.084  27.512  27.917  27.256
  27.093  27.260  27.287  27.535  27.416  27.704  26.830  26.003  26.616  27.010
  26.806  26.472  26.406  26.636  26.932  27.036  26.646  25.407  24.753  25.480
  26.054  26.541  26.784  26.747  26.475  25.313  23.276  23.119  24.639  25.675
  26.280  26.601  26.720  26.488  26.267  25.528  24.408  23.117  23.086  24.144
  25.272  26.056  26.495  26.633  26.665  26.516  26.178  25.589  24.959  23.586
  21.344  20.691  22.247  23.735  24.399  24.960  25.570  25.974  26.183  26.198
  24.893  26.012  25.784  25.416  24.825  23.949  22.700  20.910  19.913  21.140
  23.074  24.395  25.015  25.549  25.870  24.558  24.539  24.645  24.625  24.450
  25.954  24.825  24.760  26.304  25.973  25.253  24.465  22.392  22.447  20.634
  18.961  19.317  21.181  22.527  23.689  24.793  25.104  24.011  24.466  24.505
  24.208  24.692  26.587  24.373
