8  A9F0V
  75.338  75.213  74.687  74.745  75.930  77.525  78.977  79.955  79.905  78.709
  76.713  73.637  70.907  69.531  68.454  67.688  69.064  72.007  73.979  74.113
  73.164  72.100  72.572  74.143  74.066  73.828  74.738  74.842  75.931  79.240
  81.665  81.534  80.292  79.080  77.889  77.811  79.336  81.143  81.212  79.593
  80.336  83.483  84.673  85.297  84.127  82.638  85.729  85.855  85.394  91.319
  95.650  93.428  92.164 102.241 116.321 119.443 109.913  98.679 101.489 117.324
 129.873 133.137 128.931 116.018  98.637  91.226 103.418 123.877 137.900 143.985
 147.004 147.692 143.387 133.654 118.675 102.438  98.579 111.065 126.763 137.979
 144.546 145.689 140.969 125.837 104.303 101.172 119.090 133.240 135.145 127.723
 110.648  89.934  85.312 103.204 125.309 139.827 147.977 152.223 154.933 157.362
 159.721 161.265 161.683 160.458 158.866 160.073 161.488 160.563 158.889 156.630
 154.725 153.143 150.615 146.774 143.433 139.434 130.135 113.476 100.813 106.466
 123.340 136.307 142.162 144.767 147.727 152.190 155.309 155.749 154.725 153.792
 155.380 156.226 152.908 149.882 150.462 152.340 153.980 153.338 151.761 153.006
 154.922 154.055 150.565 147.412 147.423 148.810 149.806 149.709 149.713 150.835
 151.853 151.707 149.774 149.233 149.356 146.609 142.843 139.323 135.527 134.191
 135.351 136.224 134.447 128.965 118.944 103.838  94.372 101.826 117.572 131.369
 141.038 145.059 145.092 144.807 143.970 142.924 144.162 145.435 145.672 145.936
 145.654 145.005 146.000 147.428 147.513 147.129 146.431 145.579 144.676 143.043
 142.180 142.315 143.310 143.539 141.886 141.377 142.671 144.743 145.107 146.433
 146.062 143.861 141.336 137.852 136.212 138.262 140.299 138.281 135.427 135.759
 137.978 139.811 140.249 139.649 136.989 135.532 136.489 137.704 137.514 137.813
 138.049 137.059 136.237 136.259 135.812 134.788 135.037 133.484 133.729 134.396
 133.628 131.756 130.584 132.824 133.523 133.433 133.126 131.893 129.663 128.145
 128.974 130.638 131.838 130.826 128.497 128.463 129.169 130.312 129.362 128.182
 126.286 125.823 127.044 127.975 127.714 126.440 126.757 127.963 126.475 125.003
 125.657 126.073 123.839 121.644 120.792 119.273 116.022 111.339 103.569  89.591
  75.671  81.251  96.073 104.681 110.036 111.954 113.271 116.899 118.598 118.732
 118.527 116.916 114.132 115.988 117.739 116.818 118.429 120.473 120.164 117.836
 118.200 119.448 119.252 119.090 115.342 113.761 116.263 116.881 114.789 112.715
 112.427 111.092 111.306 113.637 115.148 113.799 112.072 113.120 113.760 115.166
 115.872 114.523 113.255 111.923 111.125 112.555 114.182 113.347 112.334 112.523
 113.050 113.986 112.874 110.390 109.574 109.070 108.083 108.888 109.558 109.870
 108.618 103.575 101.224 105.298 106.448 103.922 103.513 104.650 105.053 104.980
 105.828 106.912 106.898 104.279 102.703 104.472 106.729 107.510 107.054 106.351
 103.086  98.841  98.398 101.179 103.042 104.842 106.635 105.895 104.780 105.199
 104.984 103.760 102.789 101.047 100.948 101.875 102.014 102.722 104.127 104.904
 103.607 100.836 100.475 102.015 102.287 102.125 101.925 100.277  99.095  98.368
  98.751  99.787 100.307  99.690  99.371 100.179 100.828 100.000  99.871  99.696
  99.669  99.758  99.533  98.335  98.373  99.448  99.566  99.270  98.364  97.758
  98.077  98.765  98.813  97.167  96.278  97.358  97.898  97.971  98.089  97.707
  97.032  96.167  95.480  96.075  95.803  93.858  92.910  93.033  93.364  94.826
  95.701  94.389  94.269  94.746  94.945  94.776  94.012  94.256  94.171  92.234
  91.372  92.391  93.345  93.466  92.539  91.610  91.896  92.534  92.067  90.756
  90.339  91.278  92.152  92.225  92.107  91.991  91.724  91.122  90.440  90.023
  90.147  90.602  90.712  89.958  89.465  89.099  89.268  89.300  89.585  89.445
  89.419  89.422  89.502  89.479  89.520  89.316  89.413  88.939  87.955  86.776
  86.846  87.830  88.093  87.904  87.278  84.920  81.998  82.242  84.723  86.197
  85.846  85.658  85.730  85.540  85.210  85.420  85.074  84.660  84.462  84.570
  84.684  84.699  84.540  84.239  83.673  83.179  83.350  83.538  83.268  82.662
  82.242  82.096  81.918  82.082  82.797  83.020  82.557  82.370  82.152  82.005
  82.070  81.796  81.926  81.621  81.236  81.142  81.065  80.894  80.026  79.922
  80.508  80.384  79.468  79.467  79.519  78.204  77.588  78.108  78.330  77.762
  76.694  76.606  77.235  78.152  78.512  78.454  77.968  78.052  78.352  78.339
  77.975  77.429  77.417  77.215  76.515  76.125  75.528  75.064  74.896  75.377
  76.036  76.195  75.808  74.086  73.317  74.450  74.581  74.145  73.889  74.144
  74.284  73.868  74.036  74.592  74.683  74.031  73.656  73.351  73.765  74.055
  73.865  73.641  73.404  73.665  73.926  73.712  73.542  72.873  72.670  72.700
  72.184  71.953  72.092  72.436  72.075  71.444  71.742  71.932  71.123  70.251
  70.312  70.907  71.125  71.081  70.958  70.688  69.241  67.941  69.057  70.390
  70.129  69.209  68.976  68.899  68.467  67.730  66.482  64.621  61.942  56.234
  48.348  48.488  56.477  62.201  64.427  65.447  65.993  66.569  67.132  67.297
  67.441  67.716  67.720  67.657  67.413  67.183  67.343  67.377  67.270  67.089
  66.829  66.685  66.660  66.304  66.221  66.478  66.324  66.141  65.821  65.538
  65.313  64.895  64.768  65.019  65.086  64.947  64.629  64.334  64.011  64.013
  64.091  63.879  63.911  63.926  63.779  63.582  63.464  63.380  63.280  63.166
  63.176  63.143  63.070  62.845  62.778  62.495  62.091  62.120  62.214  61.836
  60.767   0.000   0.000   0.000   0.000   0.000   0.000   0.000   0.000   0.000
   0.000   0.000   0.000   0.000   0.000   0.000   0.000   0.000   0.000  58.966
  59.034  60.268  60.368  59.922  59.731  59.693  59.567  59.499  59.041  58.512
  58.687  58.552  58.471  58.430  58.708  58.516  58.452  58.663  58.498  58.229
  58.119  58.123  58.015  57.994  57.812  57.508  57.184  57.285  57.341  57.245
  56.579  56.067  56.208  56.440  56.434  56.547  56.418  55.753  55.627  55.980
  55.405   0.000   0.000   0.000   0.000   0.000   0.000   0.000   0.000   0.000
   0.000   0.000   0.000   0.000   0.000   0.000   0.000   0.000   0.000   0.000
   0.000   0.000   0.000   0.000   0.000   0.000   0.000   0.000   0.000   0.000
   0.000   0.000   0.000  51.122  52.193  52.443  52.923  52.535  52.121  51.989
  52.034  51.955  52.167  51.977  51.762  51.259  51.063  51.452  51.530  50.999
  50.589  50.564  50.643  50.843  51.160  51.302  50.791  50.325  50.708  50.974
  50.482  50.516  50.652  50.765  50.598  50.374  50.078  49.893  50.216  49.884
  49.416  49.665  49.917  49.863  49.683  49.674  49.840  49.568  49.529  49.386
  49.272  49.221  49.029  48.933  48.211  47.524   0.000   0.000   0.000   0.000
   0.000   0.000   0.000   0.000   0.000   0.000   0.000   0.000   0.000   0.000
   0.000   0.000   0.000   0.000   0.000   0.000   0.000   0.000   0.000  45.885
  46.498  46.627  46.632  46.516  46.396  46.541  46.093  45.880  46.038  46.186
  46.262  45.683  43.820  43.372  44.897  45.749  45.861  45.662  45.291  45.371
  45.441  45.367  45.686  45.235  44.718  44.654  44.896  44.847  45.030  44.926
  44.665  44.580  44.610  44.201  44.148  44.265  44.103  43.674  43.837  43.945
  43.822  43.759  43.469  43.330  42.854  42.650  42.735  42.665  42.984  43.268
  43.170  43.135  43.104  43.145  43.063  42.833  42.922  42.579  42.328  42.552
  42.461  42.540  42.401  42.271  42.134  42.199  42.111  41.628  41.899  42.006
  41.970  41.938  41.861  41.765  41.579  41.364  41.489  41.387  41.289  41.466
  41.358   0.000   0.000   0.000   0.000   0.000   0.000   0.000   0.000   0.000
   0.000   0.000   0.000   0.000   0.000   0.000   0.000   0.000   0.000   0.000
   0.000   0.000   0.000   0.000   0.000   0.000   0.000   0.000   0.000   0.000
   0.000   0.000   0.000   0.000   0.000   0.000   0.000   0.000   0.000   0.000
   0.000   0.000   0.000   0.000   0.000   0.000   0.000   0.000   0.000   0.000
   0.000   0.000   0.000   0.000  37.941  37.671  37.554  38.130  38.578  37.853
  37.828  37.990  37.886  38.079  38.124  37.346  36.797  36.545  37.126  37.520
  37.489  37.131  37.002  37.227  37.444  37.394  36.782  34.745  34.331  35.756
  36.500  36.635  37.059  36.923  36.363  34.175  30.850  31.580  34.715  35.914
  36.462  36.831  36.824  36.570  36.430  36.025  35.225  34.457  34.401  35.072
  35.842  36.223  36.257  36.341  36.470  36.349  36.007  35.579  35.122  33.102
  30.314  30.190  32.682  34.000  34.676  34.570  34.816  35.169  35.374  35.453
  35.260  35.258  35.187  34.973  34.656  33.976  33.188  31.910  31.282  32.264
  33.662  34.425  34.760  34.991  35.040  34.895  34.702  34.575  34.466  34.122
  34.469  34.685  34.667  35.150  34.913  34.170  33.884  33.520  32.645  31.268
  29.634  30.011  31.313  32.502  33.199  33.891  34.063  33.664  34.276  34.054
  33.607  33.798  34.017  32.847
