17  M4V
   8.566   7.861   7.746   8.504   9.699  10.806  11.514  11.544  11.545  11.749
  10.806   8.882   7.463   6.588   6.080   6.279   6.728   7.243   7.666   7.506
   7.485   8.090   8.561   8.395   7.815   7.885   8.397   8.589   8.878   9.519
   9.848   9.819   9.757   9.536   9.583  10.194  10.939  11.239  10.827   9.983
   9.668   9.542   8.667   8.027   7.835   7.820   7.902   7.903   8.056   8.249
   8.689  10.020  11.624  12.182  11.806  11.552  12.126  13.092  13.292  12.649
  11.886  10.873   9.797   9.992  11.724  12.705  11.881  11.042  10.484   9.745
   9.580  10.160  10.360  10.237  11.134  13.272  14.016  12.332  11.346  11.743
  12.061  11.999  11.781  13.581  18.547  19.866  15.153  12.079  12.302  12.778
  15.223  22.094  25.781  22.207  18.890  18.259  18.369  18.608  18.905  19.544
  20.681  21.430  21.055  19.961  18.617  18.654  19.832  20.492  21.419  22.024
  21.377  20.396  20.013  20.136  20.954  22.248  23.020  24.144  26.025  25.290
  22.642  21.652  22.312  23.204  23.016  22.304  22.276  23.004  24.041  24.823
  25.306  25.030  23.969  23.334  23.428  23.408  23.221  22.612  21.718  20.904
  19.382  16.395  12.410   9.407   9.708  12.686  15.710  17.490  17.753  17.534
  18.267  19.325  19.345  19.324  20.212  20.533  20.390  20.669  20.776  21.558
  23.354  24.860  25.567  26.486  29.266  33.924  36.913  34.528  30.002  27.889
  28.286  29.416  30.248  30.011  29.166  29.452  30.907  31.942  31.683  31.211
  32.248  33.771  34.065  33.213  32.907  33.853  36.262  38.360  37.403  34.927
  35.684  39.372  42.564  43.922  43.937  43.884  44.274  45.009  45.899  46.530
  45.701  45.394  46.159  45.004  42.533  42.930  46.663  48.260  47.363  49.372
  54.005  57.372  58.658  57.423  54.446  51.678  50.899  52.213  52.977  51.980
  56.353  59.282  60.207  55.698  51.505  51.080  51.013  51.252  50.033  52.206
  58.436  56.335  49.307  48.932  49.721  51.036  52.633  54.582  56.444  57.680
  56.593  54.934  53.530  54.788  55.647  55.783  55.904  57.524  58.716  57.848
  50.612  41.635  40.321  41.330  41.445  43.374  46.706  49.952  51.824  48.375
  44.313  45.174  47.035  47.941  47.991  49.614  51.134  49.498  47.513  52.559
  78.427  76.274  53.721  50.813  52.261  54.043  54.702  56.332  58.117  60.955
  64.425  64.108  63.740  67.728  71.050  69.309  69.385  73.425  75.776  60.603
  45.941  46.676  51.797  55.711  54.382  54.694  57.429  57.577  53.061  49.414
  49.083  50.157  51.677  52.980  55.804  56.366  54.780  57.552  58.640  57.432
  58.649  57.956  57.699  58.754  57.971  58.702  60.300  60.093  58.804  56.735
  57.862  61.525  61.463  58.008  57.918  61.379  62.429  59.875  57.021  59.156
  66.485  61.917  45.425  38.806  40.839  46.744  53.901  57.429  56.649  49.112
  50.060  65.010  73.810  74.268  76.174  79.630  78.625  73.752  72.660  75.182
  73.445  65.628  65.438  74.158  79.713  81.657  84.485  82.056  79.979  84.050
  85.107  85.653  85.259  81.421  78.678  82.012  83.591  83.240  87.016  93.288
  93.225  90.996  88.961  92.386  98.717 100.782  99.021  95.089  96.131  95.534
  93.865 100.498 105.393 103.563  97.891  98.546 105.835 100.000  81.056  71.267
  73.461  79.227  82.979  83.562  84.748  87.640  90.131  87.338  79.440  75.798
  76.150  76.682  80.248  82.435  81.338  79.573  79.301  80.249  81.719  84.076
  85.964  86.436  87.562  90.020  91.606  89.677  86.408  83.957  77.443  78.216
  82.423  82.203  81.574  81.930  80.123  80.878  81.640  83.681  88.335  91.499
  89.967  86.738  84.664  86.757  89.909  90.606  92.154  94.368  95.852  98.231
 100.154  99.947  99.199  98.849 100.121 102.644 104.167 107.052 110.815 112.572
 105.750  97.680  98.459 100.543 102.429 104.970 107.334 112.101 116.931 118.651
 112.173 101.027  96.623  98.436 102.220 104.291 104.472 101.640  92.954  85.687
  83.426  81.244  79.562  77.340  70.063  55.524  40.355  37.241  47.333  59.461
  64.979  68.390  70.710  71.048  72.916  76.956  80.259  82.122  78.981  76.211
  75.998  78.250  79.343  79.028  81.439  84.000  87.402  91.348  90.107  87.301
  88.961  92.120  94.310  97.257  99.927  99.088  98.936 104.544 107.064 106.143
 106.131 104.662 108.465 110.284 108.287 108.531 111.258 115.228 110.421 108.161
 112.706 113.431 104.103 105.582 113.127 112.867 115.362 117.471 110.147  98.453
  81.020  68.120  71.858  75.190  77.446  74.371  67.709  67.795  70.884  73.906
  73.593  66.651  62.991  60.068  60.214  62.810  63.692  65.470  69.324  71.452
  74.418  77.873  78.872  77.812  77.915  83.388  87.519  88.442  92.095  96.612
 101.969 106.880 109.023 110.166 112.951 116.289 120.251 124.907 126.172 119.749
 113.159 112.378 114.025 112.821 106.360 102.541 106.863 115.852 124.642 131.560
 136.325 134.696 132.660 133.537 136.722 136.766 136.418 144.109 141.713 146.610
 145.863 148.138 154.860 159.216 155.689 150.947 147.960 142.756 146.784 159.134
 163.885 164.387 167.799 173.056 177.379 181.995 185.340 177.276 168.496 170.785
 228.459 246.005 177.988 153.859 156.812 161.816 161.781 156.978 157.043 157.359
 156.412 155.618 150.410 143.708 141.606 141.212 139.616 139.937 131.150 122.111
 122.179 127.117 130.962 130.030 120.076 112.067 111.963 113.780 116.913 119.721
 118.127 108.219  99.758 101.006 103.902 105.507 108.008 106.557 102.342 102.770
 105.720 108.716 110.764 111.859 107.713 101.102  99.822 101.191 103.051 104.322
 105.082 104.767 103.579 104.888 107.064 107.004 107.828 108.060 104.776 101.915
 101.538   0.000   0.000   0.000   0.000   0.000   0.000   0.000   0.000   0.000
   0.000   0.000   0.000   0.000   0.000   0.000   0.000   0.000   0.000 149.441
 150.350 157.057 158.492 159.534 162.811 166.574 165.712 165.643 168.453 169.749
 173.714 180.325 183.366 184.385 194.661 207.817 219.878 230.290 224.743 182.879
 150.066 150.064 159.665 167.453 171.478 163.603 135.018 127.184 132.075 139.536
 149.623 154.903 158.579 138.808 113.022 109.501 113.406 117.963 121.765 130.988
 129.101   0.000   0.000   0.000   0.000   0.000   0.000   0.000   0.000   0.000
   0.000   0.000   0.000   0.000   0.000   0.000   0.000   0.000   0.000   0.000
   0.000   0.000   0.000   0.000   0.000   0.000   0.000   0.000   0.000   0.000
   0.000   0.000   0.000 219.776 228.276 239.145 245.503 242.896 244.312 242.506
 242.183 248.683 255.962 260.959 263.197 264.818 264.606 264.549 263.653 266.123
 268.853 268.825 269.386 271.629 276.526 276.551 277.746 274.628 274.852 278.723
 276.514 275.910 281.793 284.122 283.996 283.912 280.608 280.183 287.709 289.263
 288.321 291.509 292.540 289.445 288.469 294.502 299.848 301.277 300.500 300.222
 300.348 297.106 296.189 301.061 299.584 289.982   0.000   0.000   0.000   0.000
   0.000   0.000   0.000   0.000   0.000   0.000   0.000   0.000   0.000   0.000
   0.000   0.000   0.000   0.000   0.000   0.000   0.000   0.000   0.000 201.816
 218.031 220.859 226.508 232.445 238.551 243.488 243.014 231.548 217.886 218.077
 222.786 224.228 228.878 232.768 229.800 225.167 226.920 230.246 232.667 240.159
 247.383 250.401 247.297 240.305 232.752 232.919 237.624 242.797 246.272 248.241
 248.530 248.243 250.034 252.490 258.221 261.040 262.523 263.795 262.771 259.615
 252.736 252.993 257.633 259.667 265.698 269.136 267.631 263.158 263.932 273.614
 273.757 276.028 282.796 283.443 282.401 281.544 281.909 281.566 281.822 286.967
 290.181 293.434 294.122 291.008 295.236 300.678 300.273 298.466 300.940 309.643
 312.516 309.919 307.618 310.190 312.882 314.337 315.802 315.237 314.767 316.868
 317.481   0.000   0.000   0.000   0.000   0.000   0.000   0.000   0.000   0.000
   0.000   0.000   0.000   0.000   0.000   0.000   0.000   0.000   0.000   0.000
   0.000   0.000   0.000   0.000   0.000   0.000   0.000   0.000   0.000   0.000
   0.000   0.000   0.000   0.000   0.000   0.000   0.000   0.000   0.000   0.000
   0.000   0.000   0.000   0.000   0.000   0.000   0.000   0.000   0.000   0.000
   0.000   0.000   0.000   0.000 291.668 284.427 292.221 305.957 313.320 314.134
 312.256 309.620 311.076 303.057 297.228 279.796 285.482 295.792 293.360 288.088
 288.427 284.494 278.869 284.988 288.408 290.922 293.447 287.366 284.105 285.623
 282.679 275.274 276.321 283.720 286.370 283.158 267.392 265.350 282.622 292.908
 293.047 293.478 295.425 295.000 294.408 295.027 296.814 297.903 299.202 300.389
 298.250 297.093 295.914 298.914 300.193 300.043 300.172 301.353 298.221 294.933
 278.568 275.219 292.140 293.331 294.875 290.868 278.902 283.233 291.762 296.357
 294.122 291.142 291.945 296.992 298.885 295.705 298.238 304.463 304.474 304.317
 305.186 303.536 305.002 309.798 309.900 312.679 315.791 316.544 309.172 295.572
 304.600 319.094 315.106 303.412 313.395 322.348 320.869 320.247 322.208 324.655
 312.225 306.781 300.951 301.577 307.617 309.758 313.072 311.866 313.219 319.024
 321.068 319.969 320.002 314.887
