2  O7B0V
 499.432 503.918 507.351 505.552 502.664 503.805 502.847 487.994 479.923 483.870
 482.765 469.759 462.744 455.421 447.510 439.779 437.024 439.875 441.035 439.537
 438.408 436.557 433.812 431.315 429.763 428.053 427.076 430.323 434.510 443.681
 441.877 431.919 429.200 425.369 423.593 424.729 423.722 418.908 411.853 404.852
 409.895 412.977 412.924 405.970 405.974 404.672 405.006 397.250 388.113 387.596
 375.411 383.743 376.828 389.102 405.326 413.783 399.125 377.885 376.329 395.903
 413.445 417.919 415.552 415.618 390.655 371.727 375.026 395.903 407.407 410.373
 408.622 404.564 397.723 387.332 369.412 347.892 331.971 350.226 373.350 381.455
 379.005 374.393 369.496 365.436 378.038 362.353 366.133 368.300 364.677 355.058
 336.352 307.877 291.208 305.231 329.178 341.943 344.900 343.816 341.471 339.411
 336.310 331.662 324.612 316.068 315.312 321.117 325.569 328.455 330.043 328.684
 327.086 325.555 321.784 318.781 316.394 317.299 305.500 284.928 265.118 268.002
 287.774 300.924 306.355 303.625 304.549 302.474 304.452 300.245 293.852 295.053
 296.310 295.494 292.007 288.938 286.777 283.779 279.537 274.031 270.587 272.839
 275.698 275.574 275.232 274.597 273.304 277.462 275.567 268.307 266.280 264.743
 263.892 267.399 266.459 265.519 265.454 265.625 265.454 264.962 263.554 261.079
 258.366 256.224 254.300 250.202 239.701 221.117 206.453 211.914 228.764 240.466
 244.238 243.789 242.528 237.604 239.628 235.361 233.288 234.767 235.693 233.918
 230.420 227.270 224.509 221.194 218.378 217.670 219.513 222.064 223.110 222.677
 220.670 215.044 208.144 207.751 211.945 215.393 216.783 216.199 214.673 212.910
 211.161 210.456 210.861 209.334 206.724 203.127 199.811 200.193 202.139 203.592
 204.027 203.493 201.942 200.452 199.330 197.494 195.575 194.200 192.474 192.417
 191.608 191.016 190.362 188.948 186.442 184.393 181.283 176.311 174.600 178.334
 180.753 180.074 178.473 175.638 170.976 167.117 170.092 173.833 172.926 171.088
 168.647 167.871 168.939 168.510 167.155 167.066 166.487 165.824 164.604 163.180
 161.845 161.145 161.008 160.463 159.870 159.671 159.938 159.181 157.975 157.579
 156.661 155.815 155.163 154.313 153.950 152.897 152.025 149.816 143.899 131.457
 120.995 126.371 138.911 143.021 143.135 143.576 143.957 144.056 143.922 143.514
 142.759 140.461 137.189 138.158 141.326 141.738 141.364 140.837 140.359 139.679
 139.084 138.578 138.028 137.360 137.136 136.705 136.351 135.879 135.258 134.127
 132.083 130.623 131.131 132.002 132.003 131.460 130.252 129.140 129.009 129.885
 129.580 129.398 128.836 128.340 127.988 127.521 126.912 126.578 126.028 125.295
 124.810 124.329 124.093 123.603 123.097 122.723 122.550 121.984 121.378 120.718
 120.166 119.892 119.819 119.574 119.260 119.079 118.800 118.286 117.771 117.429
 117.215 116.680 116.132 115.840 115.589 115.143 114.558 114.230 113.753 113.483
 113.261 112.666 112.395 112.165 111.902 111.779 111.422 110.867 110.350 109.955
 109.866 109.678 109.305 108.911 108.698 108.389 107.948 107.606 107.464 106.902
 106.175 105.716 105.642 105.544 105.209 105.000 104.595 104.021 102.920 100.628
  98.414  98.935 101.031 101.527 101.465 101.330 100.726 100.000  99.564  99.394
  99.428  99.314  99.139  99.069  98.438  97.683  97.331  97.310  97.043  96.748
  96.477  96.536  96.228  95.661  95.208  94.706  94.492  94.544  94.653  94.742
  94.343  94.007  93.886  94.085  93.482  92.200  91.158  90.999  91.479  91.512
  91.234  90.945  90.834  90.723  90.389  89.948  89.512  89.168  88.894  88.458
  88.033  87.788  87.448  86.929  86.780  86.730  86.517  86.063  85.387  84.663
  84.616  84.667  84.418  84.026  83.745  83.338  82.837  82.578  82.538  82.472
  82.072  81.307  80.250  78.485  77.321  78.303  79.177  78.449  78.051  78.460
  78.521  78.702  79.066  78.978  78.755  78.464  78.027  77.529  77.257  77.229
  76.996  76.056  72.890  70.626  72.317  71.646  68.033  68.297  71.854  73.992
  74.083  73.733  73.362  73.167  73.119  73.024  72.612  72.177  72.142  72.020
  71.354  70.800  70.852  70.564  70.363  70.311  69.972  69.705  69.537  69.212
  68.822  68.907  68.971  68.737  68.472  68.148  67.933  67.852  67.841  67.781
  67.465  67.157  66.986  66.868  66.704  66.522  66.386  66.024  65.759  65.556
  65.241  65.056  64.910  64.757  64.666  64.543  64.181  63.950  63.719  63.228
  62.571  61.891  61.469  61.301  61.320  61.437  61.292  60.916  60.459  60.348
  60.697  60.838  60.692  60.443  60.142  59.891  59.741  59.677  59.602  59.476
  59.188  58.495  57.554  55.524  53.188  53.634  55.850  56.975  56.941  56.432
  56.027  56.093  56.501  56.765  56.803  56.650  56.355  56.139  56.037  55.911
  55.822  55.586  55.383  55.333  55.165  55.258  55.189  54.946  54.618  54.294
  54.133  54.212  54.209  54.094  53.964  53.722  53.397  53.108  52.904  52.780
  52.609  52.511  52.380  52.188  52.113  51.962  51.638  51.468  51.634  51.636
  51.284  50.773  50.369  49.994  49.715  49.847  49.971  49.620  48.167  44.679
  41.191  42.133  46.216  48.603  49.261  49.266  49.126  49.067  49.089  48.869
  48.376  48.163  48.324  48.356  48.189  48.043  47.884  47.729  47.534  47.290
  47.062  46.809  45.981  44.590  44.316  45.501  46.147  46.231  46.149  46.091
  45.990  45.851  45.759  45.623  45.442  45.230  44.991  44.959  44.903  44.725
  44.570  44.423  44.296  44.222  44.122  43.958  43.856  43.814  44.351  44.175
  44.103  44.012  43.915  43.854  43.748  43.438  43.238  43.089  43.010  42.707
  41.628   0.000   0.000   0.000   0.000   0.000   0.000   0.000   0.000   0.000
   0.000   0.000   0.000   0.000   0.000   0.000   0.000   0.000   0.000  39.985
  40.005  40.830  40.855  40.773  40.674  40.456  40.085  40.031  40.203  40.000
  39.883  39.671  39.519  39.389  39.425  39.535  39.281  39.184  39.019  38.768
  37.470  36.235  37.494  38.357  38.429  38.356  38.319  38.167  38.149  37.957
  37.849  37.739  37.441  37.353  37.276  37.107  37.013  36.944  36.778  36.557
  36.250   0.000   0.000   0.000   0.000   0.000   0.000   0.000   0.000   0.000
   0.000   0.000   0.000   0.000   0.000   0.000   0.000   0.000   0.000   0.000
   0.000   0.000   0.000   0.000   0.000   0.000   0.000   0.000   0.000   0.000
   0.000   0.000   0.000  32.089  32.551  32.389  32.628  32.383  32.196  32.041
  32.022  31.957  32.051  31.887  31.835  31.800  31.905  31.767  31.635  31.548
  31.356  31.396  31.291  31.009  31.061  30.961  31.000  30.919  30.882  30.866
  30.762  30.628  30.561  30.483  30.357  30.234  30.170  30.216  30.112  29.994
  29.967  29.820  29.939  29.748  29.605  29.463  29.412  29.366  29.230  29.109
  28.869  28.761  28.792  28.577  28.146  27.536   0.000   0.000   0.000   0.000
   0.000   0.000   0.000   0.000   0.000   0.000   0.000   0.000   0.000   0.000
   0.000   0.000   0.000   0.000   0.000   0.000   0.000   0.000   0.000  25.730
  26.332  26.388  25.973  25.955  26.132  26.029  25.899  25.971  26.035  25.912
  25.770  25.654  25.569  25.547  25.579  25.479  25.579  25.526  25.365  25.375
  25.303  25.209  25.295  25.101  24.935  24.941  24.942  24.842  24.972  24.857
  24.670  24.593  24.505  24.389  24.382  24.284  24.221  24.003  23.982  23.978
  24.056  24.030  23.697  23.484  23.606  23.662  23.575  23.612  23.520  23.428
  23.381  23.441  23.355  23.215  23.259  23.088  23.228  23.137  22.868  22.781
  22.848  22.770  22.707  22.737  22.591  22.423  22.407  22.438  22.452  22.405
  22.432  22.395  22.175  22.186  22.086  22.038  21.976  21.863  21.895  21.974
  21.686   0.000   0.000   0.000   0.000   0.000   0.000   0.000   0.000   0.000
   0.000   0.000   0.000   0.000   0.000   0.000   0.000   0.000   0.000   0.000
   0.000   0.000   0.000   0.000   0.000   0.000   0.000   0.000   0.000   0.000
   0.000   0.000   0.000   0.000   0.000   0.000   0.000   0.000   0.000   0.000
   0.000   0.000   0.000   0.000   0.000   0.000   0.000   0.000   0.000   0.000
   0.000   0.000   0.000   0.000  18.883  18.829  18.792  18.967  19.100  18.700
  18.779  18.797  18.642  18.879  18.910  18.566  18.375  18.383  18.634  18.466
  18.427  18.564  18.327  18.163  18.164  18.114  18.099  17.946  17.708  17.870
  17.879  17.837  17.892  17.854  17.680  17.579  17.526  17.407  17.414  17.420
  17.432  17.488  17.438  17.338  17.298  17.183  17.088  16.804  16.833  16.936
  17.100  17.029  17.006  17.087  17.161  17.074  16.780  16.715  16.612  16.523
  16.387  16.263  16.285  16.410  16.510  16.639  16.661  16.675  16.709  16.713
  16.534  16.540  16.534  16.482  16.286  16.171  15.951  15.532  15.350  15.625
  16.041  16.255  16.145  16.109  16.097  16.077  16.131  16.082  16.099  16.098
  16.084  16.026  16.053  16.326  16.154  15.785  15.605  15.389  15.065  14.740
  14.457  14.615  14.881  15.168  15.438  15.839  15.695  15.416  14.652  15.681
  15.628  14.645  15.781  15.287
